time,x,y,z,phi,theta,psi,x_velocity,y_velocity,z_velocity,phi_velocity,theta_velocity,psi_velocity,rotor_speed1,rotor_speed2,rotor_speed3,rotor_speed4
0.06,-1.06883036346e-07,8.45052735781e-07,10.0033767389,0.000633305348794,6.28273966176,0.0,1.20141472032e-05,6.6921043936e-05,0.112552742049,0.0260224491367,-0.029567807843,0.0,442.472480632574,440.0320691412944,439.3981809942124,441.5497489954854
0.12000000000000001,1.83493263489e-05,2.78827718046e-05,10.0169051228,0.00255863869017,6.28169560747,0.0,0.000764509951854,0.00104721496019,0.338352780409,0.0420729834258,-0.000237533286119,0.0,473.36712991543624,475.6184092904778,475.2336566953691,476.46242329213044
0.18,9.23221007205e-05,0.000148075608461,10.0383765527,0.00545469804703,6.28130075836,0.0,0.00171588951573,0.00321323267013,0.377348226534,0.0584250831381,-0.0239554755497,0.0,418.19925737171974,416.12860858345863,416.5756594867442,418.0044107377248
0.23999999999999996,0.000239809537805,0.000467381792185,10.0640752191,0.00903682722534,6.2798885637,0.0,0.00334600331705,0.00779268129991,0.47923340333,0.062140184465,-0.0227117704231,0.0,437.73555396570083,437.8389544883463,437.39755204891804,437.7093596563663
0.3,0.000528745736929,0.00117729272236,10.1000967589,0.0125680256987,6.27876183274,0.0,0.00643674440314,0.0163176792501,0.721357877341,0.0513041183911,-0.011889536591,0.0,480.53724515474823,481.356858660055,479.80374692677924,478.98261669706295
0.36000000000000004,0.00101608827529,0.00244775891379,10.147905843,0.0155147106903,6.27795938959,0.0,0.00989035451622,0.0263602017232,0.872169930037,0.044321276102,-0.0165218208288,0.0,453.363709913483,452.99153280620027,453.72565723581164,453.1662179452409
0.4200000000000001,0.00174907209023,0.00444266128076,10.2084022908,0.0179008815382,6.27651615837,0.0,0.0146866594419,0.0404569346529,1.14414001538,0.0286121254582,-0.0467090583413,0.0,491.1193711326211,488.87537398123897,489.096973797784,487.92637405102903
0.48000000000000015,0.00278026775757,0.00725152256925,10.2803333653,0.0193662818873,6.27416845567,0.0,0.0199486646864,0.0533358101831,1.25344330147,0.0143524238026,-0.0271563836346,0.0,440.74565490228804,442.35764332216723,441.4465975302267,440.26857824592116
0.5400000000000001,0.0041762544715,0.0108686053473,10.3592317689,0.0202858908952,6.27224857956,0.0,0.0267674519717,0.0673246074839,1.37635925669,0.0172075863665,-0.0440598457961,0.0,446.5319680813766,445.1506076516639,445.5068178861106,445.7400836791486
0.6000000000000002,0.00609622784845,0.0154724326815,10.451613381,0.022353383893,6.26937053741,0.0,0.0375988717535,0.0863544244136,1.70259091589,0.0562515299062,-0.0572235435136,0.0,506.2612320030868,505.3121377768382,503.76373271577376,506.5790990669352
0.6600000000000003,0.00862230408206,0.0210840598669,10.5548318735,0.0259561397466,6.26637259349,0.0,0.0468974490278,0.101021643855,1.73795919569,0.0667186329104,-0.0384056420853,0.0,417.6757514619376,419.31173584808465,418.82548379851755,419.7375533035657
0.7200000000000003,0.0118063328102,0.0277184653602,10.6629111296,0.0294817904104,6.26377658345,0.0,0.0594904047981,0.120527785159,1.86446752595,0.0338527316799,-0.0553896213395,0.0,450.01920080329126,448.64132673446204,448.5821494020696,445.9076828003757
0.7800000000000004,0.0157481049094,0.0355062977327,10.7757042787,0.0325042530209,6.26037558722,0.0,0.0722093951436,0.139307230025,1.89523795661,0.071560511551,-0.059403728496,0.0,418.9456196531255,418.59405248902704,415.56590106123576,418.85952841879424
0.8400000000000004,0.0205788957603,0.0445711828422,10.8929727356,0.0369118308267,6.25672162419,0.0,0.0891899481704,0.163303860571,2.01348221951,0.0770084900311,-0.0640708061512,0.0,447.20586230187024,446.82294300375,445.43339479225216,445.8828423978253
0.9000000000000005,0.0265059831366,0.0551691732393,11.0172989195,0.041520575865,6.25311346132,0.0,0.108762322432,0.190435722452,2.13047979072,0.0764175957725,-0.0532461878811,0.0,446.1936920571891,447.07390018689347,446.27807345398566,446.2344885637655
0.9600000000000005,0.0336608125636,0.0674635531404,11.1479622061,0.0458707382087,6.24983938107,0.0,0.130053421964,0.219821379394,2.22474956853,0.0632280684288,-0.0573509661328,0.0,440.25408564964664,439.9123112614947,440.11081178899053,439.0219261972737
1.0200000000000005,0.0422195697686,0.0816873026572,11.2859996962,0.0495058040409,6.24658416108,0.0,0.155594306478,0.254695385238,2.37615925718,0.0546925562444,-0.0486868786243,0.0,458.2259415597027,458.9122661425462,457.83500790068877,457.15789929387074
1.0800000000000005,0.0523425317621,0.0980317492443,11.432105829,0.0532124950144,6.24440478337,0.0,0.182087104323,0.290473305911,2.49375988024,0.0731155344936,-0.0189628043851,0.0,447.0021060248794,449.41696170343465,447.72674051047403,449.2256981962428
1.1400000000000006,0.0642176911173,0.116774778594,11.5883948467,0.0579535150543,6.24317515672,0.0,0.213872838426,0.334815020783,2.7153280243,0.0887711745447,-0.0237461195707,0.0,479.9377881959169,479.57466312208277,480.06228123620946,481.2531179424754
1.2000000000000006,0.0777940060285,0.137950570717,11.7520971404,0.0633730133325,6.2414262068,0.0,0.238809087716,0.371527924837,2.74130760607,0.0932623341098,-0.0430621991436,0.0,421.5501897704317,419.87735552915734,420.52449023402335,420.92066876762334
1.2600000000000007,0.0929447371848,0.16149430637,11.9183461578,0.0694843530701,6.2384910213,0.0,0.266469293629,0.413815821311,2.80012221945,0.115068154141,-0.0644372289508,0.0,433.0225295573469,431.2189598400894,430.4302760253818,432.2808215263064
1.3200000000000007,0.109803248569,0.187677014146,12.0878219992,0.0764745949163,6.23476772962,0.0,0.29583270162,0.459584179529,2.84887152459,0.119228889487,-0.0576734568856,0.0,428.6569192326198,429.22837572760636,428.7484393554069,429.1144714357051
1.3800000000000008,0.128476475514,0.216713511561,12.2598703852,0.0839593167799,6.23157078818,0.0,0.32690971011,0.50896658237,2.88589303482,0.133959952857,-0.0456982975792,0.0,425.3816488660589,426.4038464609103,424.5609170286565,425.83771226798433
1.4400000000000008,0.149110087705,0.248918141582,12.4348532758,0.0914598677675,6.22844025338,0.0,0.361145005623,0.565261807716,2.94661020485,0.0934767705435,-0.0700761629612,0.0,434.568579504018,432.51825756657735,435.5228597176829,432.13724599079615
1.5000000000000009,0.171871073246,0.284649175394,12.6136018631,0.096758625346,6.22478837845,0.0,0.397919314119,0.626278309165,3.01140934373,0.0752130041961,-0.0469178281163,0.0,435.2476218533248,437.1785996052092,435.6742184289654,434.15102441531434
1.560000000000001,0.197047477279,0.324374310749,12.798621815,0.10111061094,6.22216587157,0.0,0.441562445037,0.698325394607,3.1554367019,0.066551225218,-0.0379601280713,0.0,460.47068999166726,461.17775684813967,461.38033009378324,460.6997984672967
1.620000000000001,0.225038059599,0.36874794202,12.9945359334,0.106258340578,6.21978972163,0.0,0.491692267421,0.781283302345,3.3742938762,0.109146639245,-0.0431071310938,0.0,484.8215930499379,484.4340606449819,482.113218331937,485.3257415757613
1.680000000000001,0.255845833084,0.417813237122,13.199688447,0.112684758115,6.21705392948,0.0,0.535478459732,0.854835725254,3.46372331949,0.1026831706,-0.0511069782434,0.0,446.0974858048851,445.44251517179623,447.7325607206496,447.21634329137237
1.740000000000001,0.289254838361,0.471277743385,13.4089529055,0.118579075373,6.21385265238,0.0,0.578435489226,0.927851458596,3.51148042451,0.0874147412077,-0.0582763935628,0.0,434.33268672876693,433.7289843627161,434.93633582796576,433.66405472009154
1.8000000000000012,0.325476699769,0.529524622996,13.6235174464,0.123469926523,6.21013229053,0.0,0.629308090712,1.01418401654,3.64011727204,0.0658448063225,-0.0707601723821,0.0,460.82133823551163,459.83074301901337,461.03726432081226,459.33475768296273
1.8600000000000012,0.364416101046,0.592349133802,13.8401798225,0.127422550314,6.20591082942,0.0,0.669013760602,1.08027796985,3.58203883531,0.0659414667143,-0.0695650440498,0.0,400.55295083429047,400.6572578339056,399.8342506516086,399.84680389320846
1.9200000000000013,0.406051524486,0.65960231089,14.0564775585,0.131253265093,6.20138871202,0.0,0.719221086416,1.16181474158,3.62760257204,0.0592857670061,-0.0906843195241,0.0,435.8103952707239,434.03663135583906,435.5742444638021,435.02030101006443
1.9800000000000013,0.450991119811,0.732135569682,14.2779093435,0.134497741209,6.19657019904,0.0,0.779261205524,1.25623516524,3.75288250238,0.0408133415075,-0.0650457155359,0.0,459.88203967398096,461.903243945797,461.60508000524635,460.14674110461107
2.0400000000000014,0.499226763142,0.809773230655,14.502266938,0.136955637215,6.19248358318,0.0,0.828924477401,1.33187014797,3.72568026398,0.0412663237336,-0.0750739175775,0.0,413.25373026647077,412.36482199766897,412.574052460627,412.61507142132314
2.1000000000000014,0.550773986314,0.892375979883,14.7278075467,0.139314429206,6.18805372969,0.0,0.889718942984,1.42171952753,3.7919726094,0.035090130851,-0.0714553222534,0.0,443.96912141463133,444.26168501332614,443.5285523280375,443.021753294793
2.1600000000000015,0.605934280045,0.980237008129,14.9560898849,0.14157894813,6.18484596676,0.0,0.949264887601,1.50712756068,3.81722250621,0.0425773189913,-0.0310762331557,0.0,428.0260959486739,431.44654615953783,432.31529067010564,432.9464678490169
2.2200000000000015,0.665401753647,1.07423687737,15.1927116338,0.143973435971,6.18296414879,0.0,1.03310912087,1.62633696695,4.06911428587,0.0339511090139,-0.0319446139749,0.0,500.56195255301026,500.4985276610132,501.06492157735,500.4379909224352
2.2800000000000016,0.729417298745,1.17468853998,15.4392595056,0.145779584926,6.18160801171,0.0,1.10084964544,1.72215409827,4.14872594843,0.0210113902221,-0.00849995072846,0.0,449.5067802362389,451.4027432731792,452.82834022753644,451.78640221075466
2.3400000000000016,0.7975189294,1.28091787044,15.6905930931,0.146842903831,6.18068013324,0.0,1.16921536993,1.81884609353,4.22865227119,0.0101628419381,-0.0354417639728,0.0,452.48659236024537,450.3122587335058,453.72587939069666,452.8539209079935
2.4000000000000017,0.869490141367,1.3926001067,15.9442866954,0.147523679333,6.17902821271,0.0,1.22996546635,1.90389871086,4.22770593431,0.0136138245196,-0.0151470282432,0.0,426.43586144389894,428.16586882414975,426.740148831905,427.03454341443603
2.4600000000000017,0.945273904868,1.50959321399,16.199288196,0.148373558953,6.17808299438,0.0,1.29620305677,1.99586874614,4.27207156738,0.0152441466495,-0.0169952681739,0.0,441.86132498457414,441.7090081919924,442.38877274754554,442.5228997357124
2.520000000000002,1.02491175738,1.63192400221,16.4556883959,0.149667902928,6.17747180499,0.0,1.35843295473,2.08186480606,4.27449355652,0.0319125598913,0.000793868585219,0.0,428.226467507045,429.7373083102939,428.3540025972071,429.76933665902686
2.580000000000002,1.10866722261,1.75996727729,16.7157722986,0.151910604711,6.17713374164,0.0,1.43334218651,2.1863327146,4.39436009919,0.0465276990371,-0.0233485568624,0.0,467.390727294515,465.50522002471087,466.15228339524066,467.2936537480954
2.640000000000002,1.19657170772,1.89381643197,16.9797603814,0.154485889354,6.1759281927,0.0,1.496887201,2.27547626309,4.40505463368,0.034506989068,-0.0142680090971,0.0,432.8077005093225,433.57138909049206,434.06604502049044,433.0570058645598
2.700000000000002,1.28834774722,2.03311000295,17.2447766892,0.156180370376,6.17512315664,0.0,1.56234562239,2.36773581908,4.42859688443,0.0111763477259,-0.0117679171335,0.0,438.06762894619834,438.275611894101,438.73389492304256,436.7924776805521
2.760000000000002,1.38405475704,2.1779456633,17.5111440907,0.156817816055,6.17419033665,0.0,1.62791694434,2.46009204822,4.45012389198,0.00949606252254,-0.0244437077664,0.0,437.9668422385768,436.9112238783203,438.17238931944905,438.0325368758167
2.820000000000002,1.48410295119,2.32888061324,17.7823316518,0.157202820987,6.17280335941,0.0,1.70707558511,2.57095193812,4.58874429957,-0.000589891341265,-0.0205857559125,0.0,475.2411897394974,475.5368321498417,474.5540409964965,473.77902147648996
2.880000000000002,1.58924063602,2.48690467429,18.0646373182,0.157249310696,6.17135899479,0.0,1.79752170424,2.69626875994,4.82028884313,0.00337360814555,-0.0321627138513,0.0,503.98482206906715,503.1472632459425,502.87041903982805,503.15746036123016
2.940000000000002,1.69880191369,2.6509955292,18.3517488449,0.157645217253,6.17017893137,0.0,1.85463402972,2.77341767538,4.75031238995,0.0123733459694,-0.00217417702252,0.0,410.4722717149819,413.12535087654004,411.1124164547169,411.9091269599354
3.000000000000002,1.81233139274,2.82044765015,18.6393007833,0.157923534301,6.16968481807,0.0,1.9296205004,2.87489932223,4.83425780166,-0.0190718637902,-0.0245177741261,0.0,462.2492572749449,460.4849662044067,462.89601389830324,460.41445348028304
3.0600000000000023,1.93018056771,2.99571462682,18.9302652534,0.157280037964,6.16849751982,0.0,1.99874899015,2.96713890969,4.86433038786,0.00219849855609,-0.011699364415,0.0,444.8104718789236,445.8591592195712,444.9315841015085,446.6699813772402
3.1200000000000023,2.0530355785,3.17764071946,19.230276211,0.157237994128,6.16827396231,0.0,2.09627268624,3.09677067815,5.13462139803,-0.00724253077702,0.00874019503714,0.0,516.0392544368925,517.4803001314059,518.1975702701465,517.533421284626
3.1800000000000024,2.18060154667,3.36578694868,19.5367981727,0.156584233466,6.16840848399,0.0,2.1558765367,3.17467586445,5.08296935222,-0.0194434051584,-0.015755542671,0.0,423.2685247640919,421.1546801586278,422.8080525478342,421.7554683544027
3.2400000000000024,2.31197980627,3.55890387264,19.8422909232,0.155135121765,6.16743440966,0.0,2.22342921382,3.26232477328,5.09996740814,-0.0357956964355,-0.01721021647,0.0,444.6791831538422,444.56007354300783,444.98933817829834,443.6483507327779
3.3000000000000025,2.44727761322,3.75704205722,20.1475911394,0.152957221662,6.16713416879,0.0,2.28651382463,3.3420136495,5.07678313111,-0.0373228111201,0.0122005731028,0.0,430.37967659695266,432.8623508673008,431.7798885861837,431.6503723617431
3.3600000000000025,2.58660639595,3.96023700928,20.453664473,0.150744697293,6.16747568801,0.0,2.35764179303,3.43080092383,5.12540476062,-0.0359954839087,-0.0123479221406,0.0,455.6342906232178,453.66705651900645,454.525609332483,454.63139744592877
3.4200000000000026,2.73015632752,4.16865193839,20.7623602972,0.148528709472,6.16726343483,0.0,2.42732295579,3.51602368328,5.16422820147,-0.0388771753185,0.0099431388923,0.0,451.27616649259267,453.07230750981245,452.12692575586317,451.8940441768459
3.4800000000000026,2.87728001137,4.3813604713,21.0683122675,0.146501202795,6.16815611043,0.0,2.47677031318,3.57410842234,5.03481790099,-0.0251852192381,0.0232676256838,0.0,394.43827313632437,395.6671210699228,396.17537542368564,397.43194741702195
3.5400000000000027,3.02832204147,4.59874293517,21.37488218,0.145365950213,6.16947117015,0.0,2.55766768403,3.67162260151,5.18341725136,-0.00866682583857,0.0190712525788,0.0,484.4898277503276,484.1741363975865,484.33676109628755,485.57776446397816
3.6000000000000028,3.18364369418,4.82125711607,21.6857304852,0.14489459578,6.17037191958,0.0,2.61957354127,3.74538112378,5.17818041887,-0.00628144891249,0.00531933065714,0.0,438.51353108329806,437.36935787336967,439.3884044017174,439.5862713587572
3.660000000000003,3.34287472238,5.04845028875,21.998179624,0.144894448051,6.17039473424,0.0,2.6880154027,3.82756568947,5.23642410974,0.0102726513206,-0.0119977590855,0.0,459.2927319816173,457.91698876278593,458.62202347826013,459.9352397647512
3.720000000000003,3.50611945851,5.28045005321,22.3133708017,0.145320863762,6.16939642087,0.0,2.7534765101,3.90568276256,5.26966840375,-0.000125830436457,-0.0280729475086,0.0,452.243484196699,450.9466207090038,452.6706850877415,451.8328674014541
3.780000000000003,3.67331120422,5.5171339918,22.6306138596,0.145805729707,6.16716051229,0.0,2.81967358912,3.98367367629,5.3047936871,0.0208343633552,-0.0709914310647,0.0,454.4012740695817,450.9458219872162,452.7057295422374,454.3894176900548
3.840000000000003,3.84468710578,5.75870075054,22.9513776691,0.146935737716,6.1626262106,0.0,2.89319306455,4.06849226986,5.38668008045,0.014497314063,-0.086811780236,0.0,469.7086472396163,468.4756243252266,467.8278060728597,467.3339529388445
3.900000000000003,4.02007564955,6.00477416455,23.2730913032,0.148109539132,6.15769851369,0.0,2.95348192269,4.13396040805,5.33716223146,0.0281430238345,-0.0741109907467,0.0,427.58351924973886,428.65858436724255,426.9357352632613,428.09868101104206
3.960000000000003,4.20028597469,6.2560985707,23.6006503297,0.150089877008,6.15365225694,0.0,3.05382130507,4.2434291002,5.57986503049,0.0412890729166,-0.0566402736953,0.0,515.4936613104703,516.7241213671547,516.0306009001737,516.9581556197234
4.020000000000002,4.38565891814,6.51294002683,23.9355959923,0.152340636711,6.15018902617,0.0,3.12550978783,4.3180444077,5.58471655724,0.0286254231925,-0.0599725948015,0.0,448.4422748472855,448.16917327828844,450.02757077132924,449.0017551638962
4.080000000000001,4.57563374324,6.77455681153,24.2726323943,0.153911834448,6.14634382389,0.0,3.20722677549,4.40249468727,5.64921443944,0.0207993415283,-0.0739350616373,0.0,468.32546952233974,467.2350986185243,468.76646840456567,468.1578910664244
4.14,4.7703694309,7.04101449399,24.6120099569,0.15505431115,6.14193782483,0.0,3.28428062369,4.47939132621,5.66303979996,0.0152707047974,-0.0724487921305,0.0,452.949168032277,453.0646291381959,454.4703859623671,454.02687514723925
4.199999999999998,4.96941531358,7.31167031226,24.9495566146,0.155535559629,6.13842091776,0.0,3.35086568416,4.54246256944,5.58873113664,-0.0132656843618,-0.0398262768589,0.0,424.0241966617747,426.8152788558008,426.85123522574327,424.4083026377638
4.259999999999997,5.17322340144,7.58686344204,25.2875596046,0.155941122092,6.13621677251,0.0,3.44280914375,4.63042207323,5.67734893117,0.0307013285234,-0.031179139675,0.0,477.3032933724931,477.96238201681723,474.4538964829316,477.8183309438533
4.319999999999996,5.38264483373,7.86739920966,25.6313177321,0.157593177565,6.13487789564,0.0,3.53788011036,4.72072942362,5.78042316411,0.0202994431135,-0.00877142941672,0.0,482.3189986957242,484.0086926026909,482.5394498362599,481.753517804778
4.379999999999995,5.59727102307,8.15283177091,25.977896046,0.159231512249,6.13456679525,0.0,3.61626792825,4.79369991308,5.77206720367,0.0385426882227,0.0011653273338,0.0,449.6761760197486,450.4806968213586,449.02996273467704,450.5080286280034
4.439999999999993,5.81746149262,8.44358365651,26.3297363914,0.161538317788,6.13526569362,0.0,3.72308349594,4.89799680714,5.95463532029,0.0382542533188,0.0270367895041,0.0,506.0675697509397,507.92669355324506,508.20110848420245,508.1809455864124
4.499999999999992,6.04263128249,8.73912264556,26.6833066892,0.164326047849,6.13671790178,0.0,3.78246572901,4.95349306459,5.83164990453,0.0592130423056,0.0178314220472,0.0,416.1143437857506,415.30758921762754,413.0800595713987,414.92611753054604
4.559999999999991,6.27114512003,9.03781431145,27.0282850291,0.16790771664,6.13779255083,0.0,3.83462428616,5.003174957,5.66843095357,0.060639965463,0.018069126293,0.0,398.65106601304495,398.6727646216754,399.80145055148444,399.93442267217796
4.6199999999999894,6.50355775715,9.34043644962,27.3688772447,0.171340008489,6.13942374021,0.0,3.91220085722,5.08441557051,5.68434624565,0.0492582388611,0.0410269928797,0.0,455.988770413825,457.81970003668,459.0154304275054,458.11318807468155
4.679999999999988,6.74049282891,9.64788389431,27.7098932756,0.174529237842,6.14245913192,0.0,3.98526212044,5.16398728531,5.68272212124,0.0599836843891,0.0649435087073,0.0,452.12874332655605,454.05351873522534,451.9531210418862,452.81875244013025
4.739999999999987,6.9814313762,9.95977569149,28.0487198829,0.177638133897,6.14640194889,0.0,4.04564570225,5.23263593495,5.61180889973,0.0256776810696,0.0672102681023,0.0,430.10180200347054,430.29714156858444,432.01808347368274,429.1165361708668
4.799999999999986,7.22586648681,10.2757571527,28.3830056755,0.179560933498,6.15073497643,0.0,4.10180898582,5.30017537524,5.53148756412,0.042440844621,0.0807077406636,0.0,425.70553410210954,426.86345849893377,425.8845652867821,427.3167609120248
4.859999999999984,7.47371669359,10.5959895077,28.7135123615,0.181727634081,6.1560995076,0.0,4.15934782737,5.37436318468,5.48563465217,0.0187988389195,0.102751520757,0.0,436.34170762302347,438.18520443218233,437.70348024168584,435.73152692885657
4.919999999999983,7.72485326466,10.920613493,29.0409028329,0.182990487917,6.16220558113,0.0,4.21129225261,5.44647300983,5.4277603366,0.0252028559969,0.0997259939939,0.0,432.74244019577105,432.49689509460666,431.9189211676995,432.4588335024897
4.979999999999982,7.97915733725,11.2498264246,29.3662603497,0.184530371955,6.16814097771,0.0,4.26486949692,5.52731272226,5.4175728402,0.0265727305868,0.0972688139834,0.0,447.67060900054435,447.4789078591571,446.7865455104777,446.8983632849235
5.0399999999999805,8.23654080231,11.5838836642,29.6909657546,0.185801878462,6.17361910646,0.0,4.31396878424,5.60794233063,5.40602830536,0.00735244553591,0.0753901455137,0.0,447.79008151645684,446.01306147209124,447.08213377064607,445.51297607454484
